0 0.30198019801980197 0.1347305389221557 0.19471947194719472 0.24550898203592816
0 0.5099009900990099 0.1347305389221557 0.17491749174917492 0.24550898203592816
0 0.6930693069306931 0.1287425149700599 0.16501650165016502 0.23353293413173654
0 0.8976897689768977 0.15269461077844312 0.18481848184818483 0.2574850299401198
0 0.09735973597359736 0.11676646706586827 0.18151815181518152 0.23353293413173654
0 0.09735973597359736 0.4880239520958084 0.18811881188118812 0.24550898203592816
0 0.30198019801980197 0.4820359281437126 0.18151815181518152 0.24550898203592816
0 0.5066006600660066 0.4880239520958084 0.18151815181518152 0.2574850299401198
0 0.7029702970297029 0.4820359281437126 0.18481848184818483 0.24550898203592816
0 0.9174917491749175 0.4850299401197605 0.19141914191419143 0.251497005988024
0 0.09735973597359736 0.8173652694610779 0.18151815181518152 0.22155688622754494
0 0.30198019801980197 0.811377245508982 0.18811881188118812 0.2574850299401198
0 0.5148514851485149 0.81437125748503 0.1782178217821782 0.2634730538922156
0 0.7128712871287128 0.81437125748503 0.18481848184818483 0.2634730538922156
0 0.9108910891089109 0.8353293413173654 0.18481848184818483 0.281437125748503
